0,431
0,430
0,429
0,428
0,427
0,426
0,425
0,424
0,423
0,422
0,421
0,420
0,419
0,418
0,417
0,416
33,39
0,415
0,414
37,3
37,2
0,413
37,1
37,0
0,412
0,411
0,410
0,409
0,408
0,407
0,406
0,405
0,404
0,403
0,402
0,401
0,400
0,399
0,398
0,397
0,396
0,395
0,394
0,393
0,392
0,391
0,390
0,273
0,270
36,5
36,4
36,3
36,2
36,1
36,0
0,389
0,388
0,278
26,4
0,387
0,386
35,5
35,4
35,3
35,2
35,1
35,0
33,38
33,37
33,36
0,385
0,243
34,3
34,2
0,9
34,1
34,0
4,4
4,84
4,87
4,68
4,74
4,33
4,78
4,37
7,4
7,6
33,35
10,262
10,138
10,256
10,30
10,190
10,20
10,302
10,266
10,2
10,3
11,22
